101.622929 102.911565 1.62292892 2.91156536
181.166912 143.122407 1.16691186 3.12240738
-36.7217051 119.396764 3.2782949 -0.603235995
133.047733 91.3499762 3.04773281 1.34997624
699.595233 503.022869 -1.40476728 3.0228695
643.269691 420.648255 3.26969058 0.64825505
102.936621 105.975113 1.3136922 3.0635476
183.21141 145.755113 2.04449839 2.63270535
-33.419384 119.850401 3.30232114 0.453636658
136.161167 92.5406233 3.11343391 1.19064706
698.926874 506.28851 -0.66835868 3.26564049
646.199902 422.237271 2.93021137 1.58901618
104.0833 109.105007 1.14667895 3.12989433
185.570895 148.109671 2.35948464 2.35455799
-30.2351611 120.836218 3.18422283 0.985817455
139.311717 93.6292663 3.15055034 1.08864304
698.580674 506.922047 -0.346200255 0.63353717
648.857144 424.249776 2.6572422 2.01250466
105.152174 112.262319 1.06887414 3.15731202
188.046467 150.341857 2.47557175 2.23218629
-27.1461 122.088741 3.0890611 1.25252251
142.483128 94.6555521 3.17141115 1.02628574
698.521909 505.003779 -0.0587645895 -1.91826779
651.334134 426.480388 2.47699 2.23061239
106.201784 115.426088 1.04960933 3.16376854
190.562269 152.528601 2.51580247 2.18674394
-24.1157036 123.477196 3.03039646 1.3884554
145.666371 95.6445286 3.18324307 0.988976563
698.667576 501.67363 0.145666694 -3.33014899
654.079681 428.370649 2.74554644 1.89026079
107.27701 118.581242 1.0752262 3.15515447
193.087753 154.704156 2.52548434 2.1755551
-21.1183648 124.935644 2.9973388 1.45844824
148.856423 96.6113178 3.19005169 0.96678917
698.805955 501.776448 0.138378782 0.10281779
656.964651 430.040396 2.88497081 1.66974684
108.423591 121.711173 1.14658103 3.1299302
195.610644 156.882719 2.52289049 2.17856252
-18.1384994 126.429469 2.97986536 1.49382515
152.050518 97.5646642 3.19409481 0.953346441
698.986778 505.104873 0.180823508 3.32842515
659.760864 431.854867 2.79621262 1.81447129
109.699706 124.790562 1.27611523 3.07938972
198.126732 159.069134 2.51608791 2.1864155
-15.1665128 127.938909 2.97198657 1.50943927
155.247296 98.5089736 3.1967782 0.944309389
699.4884 505.823926 0.501622032 0.719052724
659.719124 433.041543 -0.04174005 1.18667623
111.164502 127.784804 1.46479591 2.99424182
200.635956 161.263423 2.50922438 2.19428897
-12.1955345 129.450332 2.97097829 1.51142287
158.446452 99.4451963 3.19915586 0.93622266
699.744496 504.217045 0.25609629 -1.60688106
657.124413 433.571113 -2.59471129 0.529569452
112.831558 130.671331 1.6670556 2.88652676
203.140425 163.463138 2.50446886 2.19971518
-9.21981988 130.952408 2.97571466 1.50207635
161.648427 100.371729 3.20197559 0.926533027
699.013089 505.821431 -0.731407837 1.60438574
653.858274 432.905195 -3.26613913 -0.665917639
114.66544 133.454851 1.83388284 2.78352022
205.808216 165.461639 2.66779057 1.99850059
-6.23557753 132.43747 2.98424235 1.48506184
164.796244 101.468251 3.14781683 1.09652193
697.48437 504.390651 -1.52871833 -1.43077925
652.851231 434.305641 -1.00704234 1.40044595
116.621568 136.153865 1.95612814 2.69901349
208.563093 167.338274 2.75487746 1.87663563
-3.24188253 133.903383 2.993695 1.46591315
167.92391 102.620996 3.12766541 1.15274464
695.004478 506.532378 -2.47989205 2.14172646
653.94885 436.724969 1.097619 2.41932809
118.663173 138.788815 2.04160415 2.6349504
211.367719 169.139714 2.80462564 1.80144002
-0.239795943 135.352033 3.00208659 1.44865014
171.047179 103.785598 3.12326948 1.16460244
692.788688 506.313773 -2.21579067 -0.21860523
655.973523 439.372951 2.02467328 2.64798211
120.76376 141.376989 2.10058725 2.58817394
214.202189 170.893821 2.83447016 1.75410662
2.7687989 136.787118 3.00859484 1.43508473
174.171988 104.946064 3.12480893 1.16046553
691.062427 503.674967 -1.72626085 -2.63880536
654.277811 441.332686 -1.69571286 1.9597346
122.905113 143.931537 2.14135322 2.5545484
217.055149 172.617691 2.85296043 1.72387003
5.7819477 138.212616 3.0131488 1.4254983
177.300051 106.097728 3.12806336 1.15166432
688.74105 505.944012 -2.32137697 2.26904514
650.954236 441.077808 -3.32357461 -0.254878191
125.074898 146.461981 2.16978473 2.5304437
219.919781 174.322097 2.86463133 1.7044056
8.79795892 139.632048 3.01601122 1.41943209
180.431489 107.240187 3.13143712 1.14245903
686.109533 505.30816 -2.63151684 -0.63585206
649.830193 442.397912 -1.12404338 1.32010462
127.264795 148.975039 2.18989728 2.5130581
222.79183 176.013972 2.87204967 1.69187523
11.8154926 141.048241 3.01753365 1.41619271
183.565911 108.374429 3.1344229 1.13424169
684.365591 503.766342 -1.74394148 -1.54181891
649.935367 443.183643 0.105174464 0.785731047
129.469193 151.475387 2.20439804 2.50034805
225.668575 177.697852 2.87674481 1.68387957
14.8335383 142.463342 3.01804576 1.41510101
186.702838 109.501727 3.13692679 1.12729827
684.046082 501.490328 -0.319509419 -2.27601388
651.401578 443.162547 1.46621044 -0.0210961914
131.684302 153.966252 2.21510846 2.49086443
228.548239 179.376734 2.87966409 1.67888231
17.8513563 143.878929 3.017818 1.41558667
189.841831 110.623259 3.13899311 1.12153169
683.593968 503.534903 -0.452114222 2.04457511
654.573223 442.174041 3.17164594 -0.988506105
133.907558 156.449846 2.22325617 2.4835948
231.429651 181.052616 2.88141131 1.67588185
20.868414 145.296135 3.0170577 1.41720639
192.98253 111.740005 3.14069894 1.11674584
684.995278 504.105616 1.40130968 0.570713378
653.650273 439.819083 -0.92294999 -2.35495801
136.137229 158.927684 2.22967114 2.47783731
234.31203 182.726832 2.8823792 1.67421661
23.8843318 146.715766 3.01591776 1.41963065
196.124648 112.852753 3.14211758 1.11274804
687.364037 502.807297 2.36875958 -1.29831925
651.283193 437.472161 -2.36708013 -2.34692198
138.940839 160.730704 2.80361006 1.80302017
237.194857 184.400278 2.88282695 1.67344551
26.8988401 148.138387 3.01450833 1.42262104
198.94666 114.626832 2.8220125 1.77407908
688.842597 505.523625 1.47855971 2.71632802
651.191909 434.708517 -0.0912841196 -2.76364454
141.947956 162.168883 3.00711671 1.43817947
240.081703 186.066779 2.88684663 1.66650162
29.9437953 149.494616 3.04495519 1.3562297
201.583113 116.666495 2.6364529 2.03966351
690.553037 504.771668 1.7104405 -0.751956624
653.873812 433.938382 2.68190318 -0.770134183
145.035362 163.42548 3.08740606 1.25659658
242.973105 187.725366 2.89140134 1.65858657
33.0169936 150.785571 3.07319832 1.29095437
204.131174 118.815564 2.54806079 2.14906894
692.375773 501.980836 1.82273542 -2.79083261
657.193111 434.243945 3.31929848 0.305562951
147.786792 165.307166 2.75143035 1.88168598
245.86843 189.377093 2.89532524 1.65172723
36.109645 152.029202 3.09265137 1.24363121
207.081593 120.366738 2.95041905 1.55117328
693.883975 502.270526 1.50820198 0.289690811
657.857728 433.018327 0.664616612 -1.22561818
150.319263 167.474584 2.53247072 2.16741855
248.766075 191.024748 2.89764472 1.64765475
39.1871348 153.309892 3.07748976 1.28069039
210.158085 121.649823 3.07649218 1.28308495
694.885648 505.063973 1.00167339 2.79344626
656.188476 430.787016 -1.66925194 -2.23131148
153.234929 169.090135 2.91566587 1.61555057
251.663076 192.673534 2.89700122 1.64878593
42.2441011 154.638827 3.05696634 1.32893489
212.942423 123.482465 2.78433729 1.83264207
695.52908 504.458618 0.643431724 -0.605354958
657.107285 430.804239 0.918809399 0.0172234682
156.289092 170.4255 3.05416314 1.33536461
254.560786 194.321073 2.89771049 1.64753908
45.313855 155.937951 3.06975394 1.29912349
215.564317 125.540809 2.6218939 2.05834484
696.107087 506.91488 0.578007444 2.45626196
660.254608 431.902178 3.14732295 1.0979387
159.018451 172.339059 2.72935936 1.91355914
257.459604 195.966663 2.8988179 1.64558983
48.3999861 157.197675 3.08613104 1.2597247
218.536992 127.048891 2.9726755 1.50808206
697.212082 506.630369 1.10499471 -0.284510969
660.656919 432.345608 0.40231119 0.443429758
161.539908 174.51928 2.52145714 2.18022132
260.358553 197.612021 2.89894919 1.64535853
51.4708028 158.494285 3.07081677 1.29660923
221.621007 128.313787 3.08401537 1.26489538
698.612707 503.860914 1.40062472 -2.76945427
658.763724 431.416784 -1.89319551 -0.928823896
164.453631 176.138333 2.91372221 1.61905343
263.255422 199.261041 2.89686839 1.64901931
54.5216309 159.837251 3.05082803 1.34296666
224.409211 130.140542 2.78820339 1.82675477
699.022055 503.910401 0.40934813 0.0494866744
655.908102 429.697325 -2.85562138 -1.71945853
167.508748 177.471513 3.05511766 1.33317935
266.152186 200.910243 2.89676438 1.649202
57.5861993 161.14856 3.06456839 1.31130916
227.031863 132.19792 2.62265224 2.05737851
698.476805 506.72986 -0.545249754 2.81945928
656.045551 429.74579 0.137448646 0.0484650989
170.24059 179.381527 2.73184131 1.91001417
269.049618 202.558272 2.89743181 1.64802914
60.6679067 162.419068 3.08170739 1.27050803
230.004269 133.706533 2.97240627 1.50861264
698.337094 506.815778 -0.139710619 0.0859178932
658.435108 432.069823 2.38955668 2.32403313
173.230083 180.855989 2.98949396 1.47446159
271.946943 204.206488 2.89732526 1.64821644
63.7345342 163.725555 3.06662759 1.30648626
232.726479 135.63025 2.72220956 1.92371677
698.470506 504.393394 0.133411964 -2.42238398
657.411164 433.537993 -1.02394377 1.46816938
175.916576 182.829277 2.68649298 1.97328827
274.844583 205.854151 2.89763995 1.64766315
66.810946 165.008833 3.07641173 1.28327782
235.729002 137.077996 3.00252266 1.44774611
697.775547 505.543496 -0.694959173 1.15010125
654.081163 433.388969 -3.33000044 -0.149024165
178.890362 184.335169 2.97378568 1.5058917
277.741354 207.503342 2.89677079 1.64919074
69.8712745 166.330007 3.06032848 1.32117399
238.467923 138.977844 2.73892113 1.89984793
696.333795 503.753511 -1.44175259 -1.78998474
652.952333 435.257452 -1.12883053 1.86848339
181.566582 186.322367 2.67621994 1.98719851
280.638104 209.152569 2.89675046 1.64922646
72.9425055 167.625634 3.07123104 1.29562765
241.475178 140.415732 3.00725567 1.43788889
693.894969 505.553806 -2.43882581 1.80029549
654.007521 438.046745 1.05518771 2.78929324
184.537311 187.834279 2.97072928 1.51191226
283.533782 210.803678 2.89567766 1.65110932
75.9986266 168.956512 3.05612109 1.33087753
244.216046 142.312771 2.74086782 1.89703841
691.738681 505.018087 -2.15628769 -0.535719478
651.62487 440.377858 -2.38265048 2.331113
187.616833 189.110076 3.07952154 1.27579709
286.429406 212.454881 2.89562406 1.65120332
79.0666174 170.259793 3.06799083 1.30328178
246.814786 144.400272 2.59874003 2.08750122
689.631588 502.435207 -2.10709309 -2.58288014
651.298848 443.69521 -0.326021613 3.31735151
190.37018 190.988957 2.75334706 1.87888028
289.325419 214.105403 2.89601266 1.65052167
82.1489072 171.528888 3.08228976 1.26909454
249.779157 145.924614 2.96437044 1.52434215
687.253013 504.770478 -2.37857539 2.33527091
652.377293 446.119402 1.07844498 2.424192
192.910323 193.147379 2.54014287 2.15842195
292.221093 215.756519 2.89567381 1.65111608
85.2139374 172.839117 3.06503019 1.31022939
252.858975 147.199696 3.07981799 1.27508128
686.368591 506.251277 -0.884421356 1.48079957
649.258223 447.295205 -3.11907012 1.175803
195.834038 194.748316 2.9237152 1.60093739
295.114278 217.411991 2.89318576 1.65547191
88.2573791 174.19874 3.04344171 1.35962263
255.642545 149.033501 2.78357087 1.83380597
686.175687 506.538964 -0.192904369 0.28768632
647.66981 448.390082 -1.58841355 1.09487679
198.895996 196.065709 3.06195787 1.31739329
298.007018 219.068242 2.89273996 1.65625078
91.3138973 175.528705 3.05651825 1.32996514
258.260615 151.096708 2.61806973 2.06320673
686.752518 505.759173 0.576830723 -0.779790715
647.554707 449.351966 -0.115102417 0.961884414
201.637023 197.962517 2.74102714 1.8968082
300.9002 220.723721 2.89318142 1.65547951
94.3873371 176.819085 3.07343975 1.29037948
261.229693 152.611862 2.96907746 1.51515351
688.508924 504.15599 1.75640644 -1.60318316
649.572887 449.180233 2.01817976 -0.171732643
204.170792 200.128419 2.53376866 2.16590108
303.793147 222.37961 2.89294737 1.65588848
97.4452003 178.145955 3.0578632 1.32686992
264.310333 153.884954 3.08064079 1.27309208
691.020393 501.96427 2.51146881 -2.19171977
652.783281 448.283306 3.2103944 -0.896927465
207.09356 201.731084 2.92276828 1.6026655
306.683768 224.039555 2.89062122 1.65994581
100.482604 179.519012 3.03740419 1.3730575
267.092818 155.720407 2.78248503 1.83545313
693.751297 503.875624 2.73090419 1.91135382
652.225185 445.608932 -0.558096773 -2.67437417
210.156392 203.046444 3.06283198 1.31535979
309.57415 225.699919 2.89038131 1.66036352
103.534162 180.86032 3.05155768 1.34130789
269.708649 157.786452 2.61583059 2.06604487
695.180134 506.887191 1.42883682 3.01156711
649.780288 443.343189 -2.44489656 -2.26574313
212.899484 204.940264 2.74309251 1.89382011
312.465172 227.359166 2.89102237 1.65924704
106.603384 182.160699 3.06922229 1.30037904
272.676218 159.304559 2.96756855 1.51810671
696.070859 506.611774 0.890725376 -0.275417288
650.282001 442.656783 0.501712615 -0.686405392
215.897468 206.397386 2.99798367 1.45712218
315.356132 229.018522 2.89095984 1.65935599
109.657256 183.496729 3.05387205 1.33603016
275.391907 161.237469 2.71568893 1.93291095
697.043721 503.423569 0.97286175 -3.188205
653.61043 442.837524 3.32842964 0.180740732
218.595295 208.35515 2.6978272 1.9577639
318.24745 230.677254 2.89131809 1.65873168
112.721242 184.809399 3.06398579 1.31266987
278.389654 162.695077 2.99774791 1.45760713
698.93967 504.761887 1.89594914 1.33831861
652.967461 440.674632 -0.642969555 -2.16289166
221.577494 209.844312 2.98219831 1.48916229
321.137966 232.337383 2.89051604 1.66012896
115.768831 186.1597 3.04758895 1.35030097
281.121969 164.604414 2.73231422 1.90933761
699.966573 507.933098 1.02690331 3.17121124
655.453563 440.057428 2.48610223 -0.617204728
224.264852 211.816422 2.68735849 1.97210939
324.028516 233.997453 2.89054965 1.66007043
118.82766 187.484342 3.05882908 1.32464175
284.124325 166.052505 3.0023563 1.44809108
701.280441 508.047157 1.31386744 0.114059126
655.027301 439.373319 -0.426262083 -0.684108269
227.243818 213.31204 2.97896578 1.49561826
326.918065 235.659263 2.88954982 1.66181015
121.871093 188.843985 3.04343253 1.35964318
286.858417 167.959297 2.73409155 1.90679168
701.905318 504.772919 0.624877068 -3.27423881
652.128213 438.073472 -2.89908771 -1.29984741
229.929522 215.286401 2.68570446 1.97436134
329.807619 237.321066 2.88955392 1.66180301
124.926749 190.17593 3.05565592 1.3319452
289.860817 169.407296 3.00240064 1.44799914
701.691965 504.38495 -0.213353165 -0.387969162
651.979994 437.452755 -0.148219112 -0.620716996
232.908521 216.781954 2.97899859 1.49555291
332.696197 238.984567 2.88857714 1.66350029
127.967527 191.541498 3.04077874 1.36556792
292.594074 171.315284 2.73325719 1.90798749
701.028391 506.531433 -0.663573409 2.14648361
654.156787 437.603533 2.17679236 0.150778327
235.995719 218.039062 3.08719776 1.25710822
335.584831 240.647968 2.88863413 1.66340132
131.020976 192.878496 3.05344834 1.33699825
295.183975 173.413741 2.58990086 2.09845768
700.637319 505.813779 -0.391072166 -0.717654227
653.112529 437.56086 -1.04425751 -0.0426734086
238.761145 219.900118 2.76542644 1.86105554
338.473995 242.310447 2.88916468 1.66247964
134.089453 194.180633 3.06847712 1.30213644
298.142101 174.950168 2.95812534 1.53642623
699.505014 502.678656 -1.13230576 -3.13512277
654.384851 438.298698 1.27232149 0.737838024
241.314581 222.042798 2.55343551 2.14268015
341.362992 243.973219 2.88899657 1.66277176
137.140469 195.523171 3.05101654 1.34253834
301.216726 176.23772 3.07462498 1.28755285
698.406703 502.957651 -1.09831082 0.278994626
652.40286 437.755895 -1.98199021 -0.542802553
244.247939 223.625998 2.93335808 1.58319976
344.249604 245.640126 2.88661256 1.66690704
140.169462 196.914687 3.0289925 1.39151556
303.992278 178.08364 2.77555267 1.84591941
696.506978 505.696657 -1.8997249 2.73900646
652.451605 438.652679 0.0487444548 0.896783322
247.318004 224.924385 3.07006558 1.29838685
347.135842 247.307682 2.88623777 1.66755588
143.211994 198.276343 3.04253236 1.36165632
306.601148 180.158467 2.60887001 2.07482731
694.555581 506.13915 -1.95139643 0.442492365
654.645863 441.161929 2.19425866 2.50925089
